t = 0
b = 300 300 300
E = 0 0 0
0.000 8.500 0.000 1.000 0.000 0.000 0.000 1.000 0.000 0 0 0 0 0 0
0.000 -8.500 0.000 1.000 0.000 0.000 0.000 -1.000 0.000 0 0 0 0 0 0
3.400 7.023 4.788 1.000 0.000 0.000 0.000 0.826 0.563 0 0 0 0 0 0
3.400 -7.023 -4.788 1.000 0.000 0.000 0.000 -0.826 -0.563 0 0 0 0 0 0
6.800 3.105 7.912 1.000 0.000 0.000 0.000 0.365 0.931 0 0 0 0 0 0
6.800 -3.105 -7.912 1.000 0.000 0.000 0.000 -0.365 -0.931 0 0 0 0 0 0
10.200 -1.891 8.287 1.000 0.000 0.000 0.000 -0.223 0.975 0 0 0 0 0 0
10.200 1.891 -8.287 1.000 0.000 0.000 0.000 0.223 -0.975 0 0 0 0 0 0
13.600 -6.231 5.781 1.000 0.000 0.000 0.000 -0.733 0.680 0 0 0 0 0 0
13.600 6.231 -5.781 1.000 0.000 0.000 0.000 0.733 -0.680 0 0 0 0 0 0
17.000 -8.405 1.267 1.000 0.000 0.000 0.000 -0.989 0.149 0 0 0 0 0 0
17.000 8.405 -1.267 1.000 0.000 0.000 0.000 0.989 -0.149 0 0 0 0 0 0
20.400 -7.658 -3.688 1.000 0.000 0.000 0.000 -0.901 -0.434 0 0 0 0 0 0
20.400 7.658 3.688 1.000 0.000 0.000 0.000 0.901 0.434 0 0 0 0 0 0
23.800 -4.250 -7.361 1.000 0.000 0.000 0.000 -0.500 -0.866 0 0 0 0 0 0
23.800 4.250 7.361 1.000 0.000 0.000 0.000 0.500 0.866 0 0 0 0 0 0
27.200 0.635 -8.476 1.000 0.000 0.000 0.000 0.075 -0.997 0 0 0 0 0 0
27.200 -0.635 8.476 1.000 0.000 0.000 0.000 -0.075 0.997 0 0 0 0 0 0
30.600 5.300 -6.646 1.000 0.000 0.000 0.000 0.623 -0.782 0 0 0 0 0 0
30.600 -5.300 6.646 1.000 0.000 0.000 0.000 -0.623 0.782 0 0 0 0 0 0
34.000 8.122 -2.505 1.000 0.000 0.000 0.000 0.956 -0.295 0 0 0 0 0 0
34.000 -8.122 2.505 1.000 0.000 0.000 0.000 -0.956 0.295 0 0 0 0 0 0
37.400 8.122 2.505 1.000 0.000 0.000 0.000 0.956 0.295 0 0 0 0 0 0
37.400 -8.122 -2.505 1.000 0.000 0.000 0.000 -0.956 -0.295 0 0 0 0 0 0
40.800 5.300 6.646 1.000 0.000 0.000 0.000 0.623 0.782 0 0 0 0 0 0
40.800 -5.300 -6.646 1.000 0.000 0.000 0.000 -0.623 -0.782 0 0 0 0 0 0
44.200 0.635 8.476 1.000 0.000 0.000 0.000 0.075 0.997 0 0 0 0 0 0
44.200 -0.635 -8.476 1.000 0.000 0.000 0.000 -0.075 -0.997 0 0 0 0 0 0
47.600 -4.250 7.361 1.000 0.000 0.000 0.000 -0.500 0.866 0 0 0 0 0 0
47.600 4.250 -7.361 1.000 0.000 0.000 0.000 0.500 -0.866 0 0 0 0 0 0
51.000 -7.658 3.688 1.000 0.000 0.000 0.000 -0.901 0.434 0 0 0 0 0 0
51.000 7.658 -3.688 1.000 0.000 0.000 0.000 0.901 -0.434 0 0 0 0 0 0
54.400 -8.405 -1.267 1.000 0.000 0.000 0.000 -0.989 -0.149 0 0 0 0 0 0
54.400 8.405 1.267 1.000 0.000 0.000 0.000 0.989 0.149 0 0 0 0 0 0
57.800 -6.231 -5.781 1.000 0.000 0.000 0.000 -0.733 -0.680 0 0 0 0 0 0
57.800 6.231 5.781 1.000 0.000 0.000 0.000 0.733 0.680 0 0 0 0 0 0
61.200 -1.891 -8.287 1.000 0.000 0.000 0.000 -0.223 -0.975 0 0 0 0 0 0
61.200 1.891 8.287 1.000 0.000 0.000 0.000 0.223 0.975 0 0 0 0 0 0
64.600 3.105 -7.912 1.000 0.000 0.000 0.000 0.365 -0.931 0 0 0 0 0 0
64.600 -3.105 7.912 1.000 0.000 0.000 0.000 -0.365 0.931 0 0 0 0 0 0
68.000 7.023 -4.788 1.000 0.000 0.000 0.000 0.826 -0.563 0 0 0 0 0 0
68.000 -7.023 4.788 1.000 0.000 0.000 0.000 -0.826 0.563 0 0 0 0 0 0
71.400 8.500 -0.000 1.000 0.000 0.000 0.000 1.000 -0.000 0 0 0 0 0 0
71.400 -8.500 0.000 1.000 0.000 0.000 0.000 -1.000 0.000 0 0 0 0 0 0
74.800 7.023 4.788 1.000 0.000 0.000 0.000 0.826 0.563 0 0 0 0 0 0
74.800 -7.023 -4.788 1.000 0.000 0.000 0.000 -0.826 -0.563 0 0 0 0 0 0
78.200 3.105 7.912 1.000 0.000 0.000 0.000 0.365 0.931 0 0 0 0 0 0
78.200 -3.105 -7.912 1.000 0.000 0.000 0.000 -0.365 -0.931 0 0 0 0 0 0
81.600 -1.891 8.287 1.000 0.000 0.000 0.000 -0.223 0.975 0 0 0 0 0 0
81.600 1.891 -8.287 1.000 0.000 0.000 0.000 0.223 -0.975 0 0 0 0 0 0
85.000 -6.231 5.781 1.000 0.000 0.000 0.000 -0.733 0.680 0 0 0 0 0 0
85.000 6.231 -5.781 1.000 0.000 0.000 0.000 0.733 -0.680 0 0 0 0 0 0
88.400 -8.405 1.267 1.000 0.000 0.000 0.000 -0.989 0.149 0 0 0 0 0 0
88.400 8.405 -1.267 1.000 0.000 0.000 0.000 0.989 -0.149 0 0 0 0 0 0
91.800 -7.658 -3.688 1.000 0.000 0.000 0.000 -0.901 -0.434 0 0 0 0 0 0
91.800 7.658 3.688 1.000 0.000 0.000 0.000 0.901 0.434 0 0 0 0 0 0
95.200 -4.250 -7.361 1.000 0.000 0.000 0.000 -0.500 -0.866 0 0 0 0 0 0
95.200 4.250 7.361 1.000 0.000 0.000 0.000 0.500 0.866 0 0 0 0 0 0
98.600 0.635 -8.476 1.000 0.000 0.000 0.000 0.075 -0.997 0 0 0 0 0 0
98.600 -0.635 8.476 1.000 0.000 0.000 0.000 -0.075 0.997 0 0 0 0 0 0
102.000 5.300 -6.646 1.000 0.000 0.000 0.000 0.623 -0.782 0 0 0 0 0 0
102.000 -5.300 6.646 1.000 0.000 0.000 0.000 -0.623 0.782 0 0 0 0 0 0
105.400 8.122 -2.505 1.000 0.000 0.000 0.000 0.956 -0.295 0 0 0 0 0 0
105.400 -8.122 2.505 1.000 0.000 0.000 0.000 -0.956 0.295 0 0 0 0 0 0
108.800 8.122 2.505 1.000 0.000 0.000 0.000 0.956 0.295 0 0 0 0 0 0
108.800 -8.122 -2.505 1.000 0.000 0.000 0.000 -0.956 -0.295 0 0 0 0 0 0
112.200 5.300 6.646 1.000 0.000 0.000 0.000 0.623 0.782 0 0 0 0 0 0
112.200 -5.300 -6.646 1.000 0.000 0.000 0.000 -0.623 -0.782 0 0 0 0 0 0
115.600 0.635 8.476 1.000 0.000 0.000 0.000 0.075 0.997 0 0 0 0 0 0
115.600 -0.635 -8.476 1.000 0.000 0.000 0.000 -0.075 -0.997 0 0 0 0 0 0
119.000 -4.250 7.361 1.000 0.000 0.000 0.000 -0.500 0.866 0 0 0 0 0 0
119.000 4.250 -7.361 1.000 0.000 0.000 0.000 0.500 -0.866 0 0 0 0 0 0
122.400 -7.658 3.688 1.000 0.000 0.000 0.000 -0.901 0.434 0 0 0 0 0 0
122.400 7.658 -3.688 1.000 0.000 0.000 0.000 0.901 -0.434 0 0 0 0 0 0
125.800 -8.405 -1.267 1.000 0.000 0.000 0.000 -0.989 -0.149 0 0 0 0 0 0
125.800 8.405 1.267 1.000 0.000 0.000 0.000 0.989 0.149 0 0 0 0 0 0
129.200 -6.231 -5.781 1.000 0.000 0.000 0.000 -0.733 -0.680 0 0 0 0 0 0
129.200 6.231 5.781 1.000 0.000 0.000 0.000 0.733 0.680 0 0 0 0 0 0
132.600 -1.891 -8.287 1.000 0.000 0.000 0.000 -0.223 -0.975 0 0 0 0 0 0
132.600 1.891 8.287 1.000 0.000 0.000 0.000 0.223 0.975 0 0 0 0 0 0
136.000 3.105 -7.912 1.000 0.000 0.000 0.000 0.365 -0.931 0 0 0 0 0 0
136.000 -3.105 7.912 1.000 0.000 0.000 0.000 -0.365 0.931 0 0 0 0 0 0
139.400 7.023 -4.788 1.000 0.000 0.000 0.000 0.826 -0.563 0 0 0 0 0 0
139.400 -7.023 4.788 1.000 0.000 0.000 0.000 -0.826 0.563 0 0 0 0 0 0
